-0.15740457721151185
-0.15740457721151185
-0.15740457721151185
-0.15740457721151185
-0.15740457721151185
-0.15740457721151185
-0.15740457721151185
-0.15740457721151185
-0.15740457721151185
-0.15740457721151185
-0.15740457721151185
-0.15740457721151185
-0.15740457721151185
-0.15740457721151185
-0.15740457721151185
-0.15740457721151185
-0.15740457721151185
-0.15740457721151185
-0.15740457721151185
-0.15740457721151185
-0.15740457721151185
-0.15740457721151185
-0.15740457721151185
-0.15740457721151185
-0.15740457721151185
-0.15740457721151185
-0.15740457721151185
-0.15740457721151185
-0.15740457721151185
-0.15740457721151185
-0.15740457721151185
-0.15740457721151185
-0.15740457721151185
-0.15740457721151185
-0.15740457721151185
-0.15740457721151185
-0.15740457721151185
-0.15740457721151185
-0.15740457721151185
-0.15740457721151185
-0.15740457721151185
-0.15740457721151185
-0.15740457721151185
-0.15740457721151185
-0.15740457721151185
-0.15740457721151185
-0.15740457721151185
-0.15740457721151185
-0.15740457721151185
-0.15740457721151185
-0.15740457721151185
-0.15740457721151185
-0.15740457721151185
-0.15740457721151185
-0.15740457721151185
-0.15740457721151185
-0.15740457721151185
-0.15740457721151185
-0.15740457721151185
-0.15740457721151185
-0.15740457721151185
-0.15740457721151185
-0.14418357938690674
-0.14418357938690674
-0.14418357938690674
-0.14418357938690674
-0.14418357938690674
-0.14418357938690674
-0.15740457721151185
-0.15740457721151185
-0.15740457721151185
-0.15740457721151185
-0.15740457721151185
-0.15740457721151185
-0.15740457721151185
-0.15740457721151185
-0.15740457721151185
-0.15740457721151185
-0.15740457721151185
-0.15740457721151185
-0.15740457721151185
-0.15740457721151185
-0.15740457721151185
-0.15740457721151185
-0.15740457721151185
-0.15740457721151185
-0.15740457721151185
-0.15740457721151185
-0.15740457721151185
-0.15740457721151185
-0.15740457721151185
-0.15740457721151185
-0.15740457721151185
-0.15740457721151185
-0.15740457721151185
-0.15740457721151185
-0.15740457721151185
-0.15740457721151185
-0.15740457721151185
-0.15740457721151185
-0.15740457721151185
-0.15740457721151185
-0.15740457721151185
-0.15740457721151185
-0.15740457721151185
-0.15740457721151185
-0.15740457721151185
-0.15740457721151185
-0.15740457721151185
-0.15740457721151185
-0.15740457721151185
-0.15740457721151185
-0.15740457721151185
-0.15740457721151185
-0.15740457721151185
-0.15740457721151185
-0.15740457721151185
-0.15740457721151185
-0.15740457721151185
-0.15740457721151185
-0.15740457721151185
-0.15740457721151185
-0.15740457721151185
-0.15740457721151185
-0.15740457721151185
-0.15740457721151185
-0.15740457721151185
-0.15740457721151185
-0.15740457721151185
-0.15740457721151185
-0.15740457721151185
