100
99.9416100000000
99.7665800000000
99.4753200000000
99.0685000000000
98.5470900000000
97.9122900000000
97.1655900000000
96.3087300000000
95.3437200000000
94.2728000000000
93.0984900000000
91.8235100000000
90.4508500000000
88.9837200000000
87.4255400000000
85.7799500000000
84.0507900000000
82.2421100000000
80.3581300000000
78.4032400000000
76.3820200000000
74.2991700000000
72.1595800000000
69.9682300000000
67.7302500000000
65.4508500000000
63.1353700000000
60.7892100000000
58.4178600000000
56.0268300000000
53.6217400000000
51.2081900000000
48.7918100000000
46.3782600000000
43.9731700000000
41.5821500000000
39.2107900000000
36.8646300000000
34.5491500000000
32.2697600000000
30.0317700000000
27.8404200000000
25.7008300000000
23.6179900000000
21.5967600000000
19.6418700000000
17.7578900000000
15.9492100000000
14.2200500000000
12.5744600000000
11.0162800000000
9.54915000000000
8.17649000000000
6.90152000000000
5.72720000000000
4.65628000000000
3.69127000000000
2.83441000000000
2.08771000000000
1.45291000000000
0.931490000000000
0.524680000000000
0.233420000000000
0.0583900000000000
0
0.0583900000000000
0.233420000000000
0.524680000000000
0.931490000000000
1.45291000000000
2.08771000000000
2.83441000000000
3.69127000000000
4.65628000000000
5.72720000000000
6.90152000000000
8.17649000000000
9.54915000000000
11.0162800000000
12.5744600000000
14.2200500000000
15.9492100000000
17.7578900000000
19.6418700000000
21.5967600000000
23.6179900000000
25.7008300000000
27.8404200000000
30.0317700000000
32.2697600000000
34.5491500000000
36.8646300000000
39.2107900000000
41.5821500000000
43.9731700000000
46.3782600000000
48.7918100000000
51.2081900000000
53.6217400000000
56.0268300000000
58.4178600000000
60.7892100000000
63.1353700000000
65.4508500000000
67.7302500000000
69.9682300000000
72.1595800000000
74.2991700000000
76.3820200000000
78.4032400000000
80.3581300000000
82.2421100000000
84.0507900000000
85.7799500000000
87.4255400000000
88.9837200000000
90.4508500000000
91.8235100000000
93.0984900000000
94.2728000000000
95.3437200000000
96.3087300000000
97.1655900000000
97.9122900000000
98.5470900000000
99.0685000000000
99.4753200000000
99.7665800000000
99.9416100000000
100