0.126000000000000
0.134190000000000
0.158700000000000
0.199380000000000
0.255950000000000
0.328040000000000
0.415190000000000
0.516850000000000
0.632380000000000
0.761080000000000
0.902170000000000
1.05485000000000
1.21823000000000
1.39143000000000
1.57351000000000
1.76353000000000
1.96051000000000
2.16347000000000
2.37142000000000
2.58337000000000
2.79828000000000
3.01515000000000
3.23294000000000
3.45058000000000
3.66700000000000
3.88109000000000
4.09174000000000
4.29778000000000
4.49802000000000
4.69124000000000
4.87619000000000
5.05161000000000
5.21620000000000
5.36866000000000
5.50769000000000
5.63200000000000
5.74033000000000
5.83145000000000
5.90419000000000
5.95747000000000
5.99028000000000
6.00172000000000
5.99102000000000
5.95755000000000
5.90081000000000
5.82048000000000
5.71640000000000
5.58856000000000
5.43715000000000
5.26251000000000
5.06513000000000
4.84567000000000
4.60489000000000
4.34371000000000
4.06310000000000
3.76414000000000
3.44792000000000
3.11559000000000
2.76827000000000
2.40706000000000
2.03300000000000
1.64706000000000
1.25011000000000
0.842890000000000
0.426030000000000
0
-0.426030000000000
-0.842890000000000
-1.25011000000000
-1.64706000000000
-2.03300000000000
-2.40706000000000
-2.76827000000000
-3.11559000000000
-3.44792000000000
-3.76414000000000
-4.06310000000000
-4.34371000000000
-4.60489000000000
-4.84567000000000
-5.06513000000000
-5.26251000000000
-5.43715000000000
-5.58856000000000
-5.71640000000000
-5.82048000000000
-5.90081000000000
-5.95755000000000
-5.99102000000000
-6.00172000000000
-5.99028000000000
-5.95747000000000
-5.90419000000000
-5.83145000000000
-5.74033000000000
-5.63200000000000
-5.50769000000000
-5.36866000000000
-5.21620000000000
-5.05161000000000
-4.87619000000000
-4.69124000000000
-4.49802000000000
-4.29778000000000
-4.09174000000000
-3.88109000000000
-3.66700000000000
-3.45058000000000
-3.23294000000000
-3.01515000000000
-2.79828000000000
-2.58337000000000
-2.37142000000000
-2.16347000000000
-1.96051000000000
-1.76353000000000
-1.57351000000000
-1.39143000000000
-1.21823000000000
-1.05485000000000
-0.902170000000000
-0.761080000000000
-0.632380000000000
-0.516850000000000
-0.415190000000000
-0.328040000000000
-0.255950000000000
-0.199380000000000
-0.158700000000000
-0.134190000000000
-0.126000000000000